dTime	Pressure derivative
(hr)	(bar)
0.001387596	0.319753999
0.002778053	0.301183222
0.004165649	0.255658741
0.005556107	0.227465232
0.006943703	0.216354809
0.00833416	0.210987828
0.009721756	0.207684015
0.011109352	0.206329738
0.012499809	0.20569805
0.013887405	0.2057412
0.015277863	0.206090982
0.016665459	0.206521484
0.018055916	0.207135656
0.019443512	0.207715279
0.020833969	0.208540002
0.022221565	0.208966813
0.023609161	0.209715988
0.024999619	0.210177631
0.026387215	0.210661904
0.027777672	0.211343689
0.029165268	0.211741016
0.030555725	0.212163407
0.031943321	0.212577041
0.033333778	0.212936251
0.034721375	0.213264306
0.036111832	0.212972009
0.037499428	0.213944757
0.038887024	0.213516991
0.040277481	0.214371454
0.041665077	0.214709274
0.043055534	0.2150629
0.044443131	0.215158338
0.045833588	0.215612584
0.047221184	0.215702336
0.048611641	0.215928117
0.049999237	0.216049916
0.051389694	0.216257838
0.05277729	0.216215974
0.054164887	0.216688086
0.055555344	0.216643617
0.05694294	0.21738022
0.058333397	0.218602471
0.059720993	0.216717793
0.06111145	0.218758132
0.063889504	0.215907241
0.066664696	0.216366379
0.069442749	0.217052599
0.072220802	0.217409523
0.074998856	0.217755005
0.077776909	0.218393195
0.080554962	0.218734193
0.083333015	0.219198843
0.086111069	0.219664594
0.088889122	0.219947529
0.091667175	0.220364915
0.094445229	0.220572788
0.097220421	0.221211356
0.099998474	0.221520336
0.102776527	0.221972272
0.105554581	0.222481529
0.108332634	0.222385751
0.111110687	0.222918877
0.113888741	0.22322259
0.116666794	0.223541786
0.119444847	0.22378498
0.1222229	0.223712279
0.12638855	0.223690854
0.130554199	0.223918609
0.13472271	0.224688285
0.138888359	0.225255946
0.143054009	0.225766451
0.147222519	0.226161994
0.151388168	0.226455827
0.155553818	0.22706351
0.159722328	0.227299553
0.163887978	0.227789342
0.168053627	0.228112311
0.172222138	0.228720048
0.176387787	0.229086647
0.180556297	0.229347095
0.184721947	0.229562006
0.190278053	0.229449397
0.19583416	0.229551049
0.201387405	0.230009916
0.206943512	0.230436354
0.212499619	0.230758621
0.218055725	0.231437069
0.223611832	0.231840305
0.229165077	0.231932518
0.234721184	0.23240186
0.24027729	0.232416112
0.245833397	0.232546126
0.2527771	0.232731759
0.259720802	0.232950301
0.266667366	0.233044046
0.273611069	0.23341946
0.280554771	0.233502172
0.287498474	0.233596078
0.294445038	0.233736672
0.301388741	0.233540588
0.3097229	0.233886044
0.318054199	0.233847742
0.326388359	0.234338281
0.334722519	0.234169147
0.343053818	0.234345797
0.351387978	0.234277585
0.359722138	0.233956628
0.368056297	0.23417294
0.377778053	0.234188214
0.387499809	0.234082161
0.397221565	0.234014005
0.406943321	0.234006021
0.416665077	0.233431048
0.426389694	0.233607728
0.437499046	0.233542803
0.44861126	0.233284175
0.459720612	0.23302687
0.470832825	0.232873662
0.481945038	0.232404866
0.494444847	0.23202862
0.506944656	0.231988429
0.519444466	0.231724296
0.531944275	0.231300226
0.544444084	0.231258763
0.55833149	0.230858394
0.572221756	0.230504086
0.586109161	0.230283636
0.599999428	0.229759761
0.613889694	0.229543872
0.629164696	0.228973537
0.644442558	0.228733484
0.659720421	0.228341103
0.674998283	0.227628229
0.691666603	0.227149904
0.708332062	0.226521591
0.725000382	0.22628812
0.743056297	0.22597189
0.761109352	0.225609728
0.779165268	0.225324848
0.797221184	0.224627187
0.816664696	0.22417994
0.836111069	0.223615141
0.855554581	0.223217125
0.87638855	0.222736985
0.897222519	0.22238088
0.918053627	0.221881759
0.940278053	0.221262212
0.962499619	0.221042357
0.984721184	0.22069265
1.008333206	0.220202644
1.031945229	0.219779828
1.056944847	0.219246376
1.081944466	0.218482753
1.106944084	0.218470991
1.13333416	0.217996717
1.159721375	0.217558784
1.187499046	0.217415801
1.215276718	0.216607539
1.244444847	0.216409733
1.273610115	0.216216701
1.30416584	0.215587534
1.334721565	0.21562338
1.366664887	0.215203497
1.398611069	0.214759952
1.431944847	0.214515847
1.465278626	0.214253676
1.5	0.213818374
1.534721375	0.213806667
1.570833206	0.213549016
1.608332634	0.213096923
1.645832062	0.213345452
1.684721947	0.2126748
1.723611832	0.212647352
1.763889313	0.21278608
1.80555439	0.212245705
1.847222328	0.212597787
1.890277863	0.212425528
1.934720993	0.211905017
1.980554581	0.211898012
2.026388168	0.21206083
2.073609352	0.212347045
2.122220993	0.212638576
2.172223091	0.212726501
2.223609924	0.212588016
2.274999619	0.212563651
2.327776909	0.212630795
2.381944656	0.212473533
2.4375	0.212469808
2.49444294	0.212252651
2.552776337	0.212171729
2.612500191	0.212583795
2.673611641	0.212390081
2.736110687	0.212305445
2.800000191	0.212326775
2.86527729	0.212080623
2.931944847	0.212292154
3	0.212587265
3.069442749	0.212705957
3.140275955	0.212577043
3.213887215	0.212555334
3.288888931	0.212652696
3.365278244	0.212561157
3.443055153	0.212935468
3.523610115	0.213019581
3.605555534	0.213088127
3.68888855	0.213047656
3.774999619	0.213401121
3.862498283	0.213090275
3.952777863	0.213334584
4.044445038	0.213662433
4.138887405	0.213376619
4.234723091	0.214008601
4.333333969	0.214048889
4.407331467	0.213841314
4.433332443	0.214479371
4.536111832	0.214175765
4.641666412	0.214410116
4.750001907	0.214851201
4.859722138	0.214640879
4.972223282	0.21453924
5.087499619	0.215079307
5.20555687	0.214973378
5.326389313	0.214985006
5.449996948	0.21552481
5.576385498	0.215382295
5.705554962	0.215748093
5.837499619	0.216089268
5.972219467	0.216143804
6.111110687	0.216725552
6.2527771	0.216506014
6.397224426	0.216944176
6.54583168	0.217420984
6.697219849	0.217589048
6.852779388	0.21832281
7.011108398	0.218708816
7.17360878	0.218841391
7.340274811	0.219478618
7.509721756	0.219836219
7.683334351	0.220317574
7.861112595	0.220913691
8.043056488	0.221218963
8.229166031	0.221652967
8.419441223	0.222718223
8.613887787	0.223476012
8.813890457	0.225748446
9.018053055	0.226745978
